"bprior","Vprior.1","Vprior.2","Vprior.3","Vprior.4","Vprior.5","Vprior.6","Vprior.7","Vprior.8","Vprior.9","Vprior.10","Vprior.11","Vprior.12","Vprior.13","Vprior.14","Vprior.15","Vprior.16","Vprior.17","Vprior.18","Vprior.19","Vprior.20","Vprior.21","Vprior.22","Vprior.23","Vprior.24","Vprior.25","Vprior.26","Vprior.27","Vprior.28","Vprior.29","Vprior.30","Vprior.31","Vprior.32","Vprior.33","Vprior.34","Vprior.35","Vprior.36","Vprior.37","Vprior.38","Vprior.39","Vprior.40","Vprior.41","Vprior.42","Vprior.43","Vprior.44","Vprior.45","Vprior.46","Vprior.47","Vprior.48","Vprior.49","Q.1","Q.2","Q.3","Q.4","Q.5","Q.6","Q.7"
-0.0535903045889557,0.797337404708841,-0.0664622944952053,0.0291318091396575,-0.324769001523808,-0.022419240029045,-0.108254973594489,-0.0801691832383484,-2.60548393366607e-17,1.70394653383832e-16,-1.83861841970465e-16,2.47482698396972e-16,-1.32475952950573e-18,-1.06769773550825e-16,2.64165859326093e-16,1.3500011113339e-17,-1.08625199221786e-16,1.16278988933176e-16,2.05510521794627e-16,3.20178454062126e-18,-7.73629072045243e-17,-1.18297299039893e-15,-4.9131758984959e-17,-3.96439940502533e-17,-1.00385004630545e-16,6.56869815430974e-17,-2.18865637334427e-17,3.61442193483211e-18,-1.33775301491661e-16,-2.97248107509649e-16,-1.73619519572266e-17,-1.55382106124493e-16,1.04103737349343e-16,7.20098707361139e-17,3.73552117650987e-18,-8.69631786287045e-16,-3.59108088317933e-17,3.05750941871543e-16,1.31586568355956e-16,-2.79019429089145e-16,-7.13235622906011e-17,-9.31414369459774e-17,1.3684799821112e-15,2.6300373012246e-17,1.37244748443614e-17,3.68251808983543e-17,-2.31246770864002e-16,-4.81385764583564e-17,6.72620393085167e-17,6.69928522378793e-16,0.00387316616118757,0.000251077560515636,-2.70413205441869e-05,0.000512823195679337,0.000247558148319167,0.000287075757118264,0.000187430031277184
-0.03254550938081,-0.0664622944951822,1.64404756481605,0.0479336048121377,0.0350899553631006,0.00181300097868852,-0.345869660619403,-0.0603931076689226,-1.33191272274529e-16,5.11901820574295e-16,-1.40815839349238e-16,2.49895048230753e-16,-8.23824244499533e-17,2.21242041207508e-16,2.76704657450888e-15,-4.18457992866147e-16,3.14689680563918e-17,-4.27751638363422e-17,2.38903948707181e-16,8.31583066296382e-17,-6.45034224058989e-16,5.14345510627123e-16,1.14020713069012e-16,1.00834772508092e-16,2.65744093465065e-16,-1.31577674510009e-16,-1.47576935743561e-16,2.90269919217923e-16,6.89615262138878e-16,2.48663250567208e-16,2.47769842566092e-17,-3.46234246310852e-17,-3.94121042225637e-16,7.37342180584868e-19,-7.07988042039534e-16,9.68504248154145e-16,-4.4120252156582e-16,1.40128048596068e-16,-2.49053097481182e-16,-7.82197657339667e-16,-1.1028368973251e-16,1.06038360600871e-16,3.4484134298074e-15,6.29404772116253e-17,1.71427610063009e-16,3.76565437360844e-17,3.35560572384264e-17,-7.48946531962252e-17,-1.08140696375957e-17,1.13114812655413e-15,0.000251077560515636,0.00174843523084225,-4.85240622655042e-05,6.79665754780264e-05,0.000103882981201177,0.000211381665434937,-2.56596702182945e-05
0.0784925660063199,0.0291318091396654,0.0479336048121395,1.11432255774019,-0.0659294479233404,0.00389868280769166,-0.0837455058795178,-0.0757882304585924,-3.3934680965849e-17,-4.56618521205848e-17,1.1497349940322e-16,-6.87926278442053e-17,-4.79420648145934e-18,1.27864917343957e-16,6.16612880546819e-16,5.44303371905613e-18,4.56161123414331e-17,3.5660087079406e-16,-1.80302821284339e-16,-3.11708124589583e-18,1.77353452562e-16,8.10983225019157e-16,-1.534168771903e-16,-1.28958953039565e-16,-2.48648665718648e-16,2.30256589348662e-16,1.29370121361007e-16,-5.01266249895443e-16,-6.65211395895534e-16,-1.08272886455287e-16,-5.16645628595392e-17,-3.27893018387481e-16,1.26428137707177e-16,9.51525049209959e-17,-3.15060680994815e-16,-9.45024494856256e-16,-3.84383551464001e-18,-3.14249223431345e-17,7.12354708640867e-18,5.31259064517897e-17,-1.9109063290057e-17,-2.37338631820655e-16,2.99131379388751e-16,7.28914202759688e-18,-1.14254580189238e-16,-8.66074247908577e-17,-1.97595845935483e-16,9.849299110673e-18,3.02814278643412e-17,1.56613003815531e-16,-2.70413205441869e-05,-4.85240622655042e-05,0.00257475448620452,9.08428126883295e-05,-3.1867800133996e-05,8.16164484635272e-05,4.71785551540763e-05
-0.037525848460755,-0.324769001523768,0.0350899553632684,-0.0659294479233035,2.92050300368312,0.0144978922061752,-0.23934653926481,-1.31634172589739,-2.92660047671728e-16,-2.06100056725916e-15,5.50490100552359e-16,-1.19782656016199e-15,8.20117628322348e-16,2.43267862451435e-16,-6.99613977861446e-15,8.39768792698647e-16,1.11824612070155e-15,2.26272993397725e-16,-2.06605565988838e-15,-6.71337985203024e-16,1.81479180641486e-15,1.30243038576339e-14,-1.69580231205047e-16,1.22355179780305e-16,9.77531078273034e-16,9.64912828457787e-16,8.60348305185138e-17,1.32886340413517e-16,-2.81469725998962e-15,1.30649749916292e-15,3.12399303474542e-16,-1.22640206367056e-16,-1.38463459448124e-15,-3.78779581484967e-16,-7.73612131386298e-16,6.16477355275258e-15,8.38359329874416e-17,-2.3617718024338e-15,-1.18009985464185e-15,1.81278603239576e-15,5.94359630956554e-16,5.47359466779307e-16,-1.09703912620773e-14,-2.57498015965307e-16,1.90629846977264e-16,-7.91196535371297e-16,5.86336534880161e-16,2.30067701001424e-16,-4.79840776487772e-16,-1.64451785522601e-15,0.000512823195679337,6.79665754780264e-05,9.08428126883295e-05,0.00111884085218861,7.99805272193821e-05,0.000162810376906568,0.000254921369444275
-0.0207707182102689,-0.0224192400290249,0.00181300097868587,0.00389868280769833,0.0144978922061527,0.553006130984808,-0.0895074674721698,-0.183879186890343,-2.77513404508926e-17,1.01762538283132e-16,-1.0406138570198e-16,-3.69712940817557e-17,4.35747629385502e-17,-9.51565283274954e-17,-6.80770544103648e-16,7.31904229063496e-17,2.3842283399314e-16,1.29884032131974e-16,1.30863202219e-16,-8.39308006775341e-17,1.46709494596234e-16,-1.20129600711394e-16,2.76979376705462e-17,-7.33223218181048e-17,8.85390304875119e-17,7.07585913147825e-17,-7.56961581225646e-18,1.76976602309811e-16,2.00775607619476e-16,-2.38484243881816e-17,4.08451992660232e-17,-4.71136665921787e-17,-1.29236898960272e-16,-5.36171855611972e-18,-4.78131040483739e-17,2.42508920930695e-16,1.01542309716846e-17,6.69291553602458e-17,-2.54753629216203e-17,-7.2099444470286e-17,7.33191719143322e-18,7.48065617697108e-17,-1.2793585635329e-16,2.59818886240784e-17,7.52165257161819e-17,-5.54467767272665e-18,8.28330459778925e-17,-1.39319979164387e-17,-9.14287363266292e-18,-6.15826833971767e-17,0.000247558148319167,0.000103882981201177,-3.1867800133996e-05,7.99805272193821e-05,0.00535233055023155,0.000195278674716908,5.28466305165698e-05
-0.000148618940923708,-0.108254973594518,-0.345869660619428,-0.0837455058795275,-0.239346539264364,-0.0895074674721131,2.53721377167366,-0.133070880862835,5.83175196162771e-16,1.70937177986549e-16,7.70409288054492e-16,-1.17026071992654e-16,-5.92618131216999e-17,2.31067623395658e-16,-1.95240416715758e-15,5.07893660667887e-16,-1.0810257989333e-15,-7.47081365412398e-16,1.54417494416248e-15,5.66468530069364e-16,4.26448901690545e-16,-1.22660128581975e-14,1.75576632210289e-16,-1.76323089921224e-16,-3.84642121506041e-16,-3.40366213810511e-16,-6.8514456930371e-17,1.22373629216687e-17,1.74148957515947e-15,-1.25821487416397e-15,5.78496397920375e-16,2.05749067448398e-16,1.6435962833794e-15,-9.73749076163544e-18,1.74177449586711e-15,-3.00398540677843e-15,9.7702963476826e-16,6.88420945683249e-16,1.16135586255206e-15,8.18301589683434e-16,1.57446484235629e-17,-3.96267423713979e-16,-3.28177155589637e-15,7.51765457610715e-16,2.34964398469501e-16,1.40855988710938e-15,-1.05910289219247e-15,-5.00398266117634e-16,1.37433128571084e-15,3.72412604227046e-15,0.000287075757118264,0.000211381665434937,8.16164484635272e-05,0.000162810376906568,0.000195278674716908,0.00117362296812931,5.52126347476809e-05
-0.174158330366374,-0.08016918323843,-0.0603931076691894,-0.0757882304587133,-1.31634172589795,-0.183879186890352,-0.133070880862065,6.07549284169882,-1.84178844050975e-16,1.83306061302124e-15,-7.4026613831879e-16,-6.55725473919233e-16,-6.24175190699905e-16,-8.76685876671779e-16,8.14279199623513e-15,-1.89366751446318e-15,1.69352379342236e-16,-7.47340557494258e-16,1.77635683940025e-15,4.14165229889463e-16,-2.81252885564465e-15,-3.99680288865056e-15,-2.21842587567111e-16,7.18173824988504e-17,-2.0807025536123e-16,-2.41966819844452e-16,-1.74041553738236e-16,3.2624829216215e-16,3.49671463659162e-15,1.38488531623362e-15,-7.10843601862965e-16,7.9646169217143e-16,-1.07639591684361e-15,-9.25637604759499e-17,3.50326050720801e-16,1.87697080100691e-15,-8.87744738831131e-16,1.24553145575135e-15,-2.60100101179273e-16,-2.02268757298896e-15,-4.23272528138341e-16,-3.55401472140748e-16,1.0991207943789e-14,-1.159445803256e-15,-9.61362066342897e-16,-1.77879629428834e-15,5.30825383648903e-16,7.47882658580501e-16,-1.7688758444101e-15,-5.69683189510783e-15,0.000187430031277184,-2.56596702182945e-05,4.71785551540763e-05,0.000254921369444275,5.28466305165698e-05,5.52126347476809e-05,0.000639275625810202
0.0801687697351123,-1.6570632602078e-16,-1.10992868067599e-16,-1.16929510236667e-16,6.04341067206998e-16,-3.55940185095202e-17,2.79885732035949e-16,-6.74726116992042e-16,0.797337404708813,-0.0664622944952022,0.0291318091396804,-0.324769001523731,-0.0224192400290194,-0.108254973594526,-0.0801691832384659,-9.044190906176e-15,-8.54492258201001e-15,-4.67600133960411e-15,4.28845327304916e-15,-8.76043486884581e-15,1.84948830881347e-14,-5.79744585671449e-15,3.38578707476426e-14,-7.40033813063226e-15,6.72917675179874e-16,-3.45621290918571e-14,-8.97985081289816e-15,3.11901091929857e-15,1.09981027919797e-14,1.62364361762553e-14,-2.67080245587711e-15,1.44488680087651e-14,-1.04205381303013e-14,1.76691242203837e-15,-2.84153465189042e-15,-7.04135100920711e-15,7.53912177912236e-15,9.12914492265382e-15,-5.55537061665279e-15,-4.39470508595274e-15,4.10606336258279e-15,-8.9199616659999e-15,-1.81148498978878e-14,3.7389525069792e-15,-3.73994184146159e-15,-4.9451342001329e-15,-9.3307523166275e-15,1.11113104394461e-15,-9.21090731898638e-16,-8.64716284687539e-15,0.00387316616118757,0.000251077560515636,-2.70413205441869e-05,0.000512823195679337,0.000247558148319167,0.000287075757118264,0.000187430031277184
0.102342694354079,1.30684101337468e-14,1.13226400775884e-14,4.95953376023622e-15,-9.62353569229635e-14,-1.84527821625244e-15,-3.3488663909011e-14,1.26967230132391e-13,-0.0664622944951873,1.644047564816,0.0479336048121623,0.0350899553632045,0.00181300097867717,-0.345869660619358,-0.0603931076689784,-1.54491084638705e-14,-3.31478551204856e-15,1.36918471352332e-15,9.72134699128713e-14,1.52997731671378e-14,1.71612940871868e-14,-2.92191618123105e-13,1.74064221928091e-14,-5.96607550519448e-16,5.41652105841148e-16,2.295593457078e-14,-3.6235362211028e-15,-1.52005351046749e-15,-8.19479914157019e-14,-2.58406035284764e-14,-7.13462797142465e-15,1.2323142689391e-14,-1.19468318701341e-13,-2.44042050565225e-15,-9.51788222346671e-15,2.98543633391046e-13,1.04563303545205e-14,1.30579141249809e-14,3.76906622231998e-15,7.12208070297038e-14,5.85390568484667e-15,-3.80835499854543e-15,-2.21023720159419e-13,-4.37298038492157e-15,1.26702576382087e-16,-5.12370229794126e-15,7.30758769468265e-14,8.30620836868301e-15,4.05324238799201e-15,-2.27224489224298e-13,0.000251077560515636,0.00174843523084225,-4.85240622655042e-05,6.79665754780264e-05,0.000103882981201177,0.000211381665434937,-2.56596702182945e-05
0.0268013228979013,-9.27064643517386e-16,5.26121555582916e-15,3.6325918503419e-16,-4.07134178800894e-15,-1.60636410314989e-16,-7.33390348369454e-16,4.26855816318406e-15,0.0291318091396754,0.047933604812141,1.1143225577402,-0.0659294479233512,0.00389868280767075,-0.0837455058795121,-0.0757882304586369,-6.1343481292872e-16,-5.80957536851917e-15,-4.52644920243689e-15,5.71374544899861e-15,1.88153258164764e-14,1.04803725376953e-15,-4.6594672564737e-14,-7.46632625885789e-15,-2.54328026923944e-15,4.35077684557739e-15,-5.42563227418774e-15,-9.93987022614054e-15,7.05426773225714e-15,1.51904517068334e-14,6.38288834831882e-15,4.0517956557181e-15,9.1761027351837e-16,-1.47187221178485e-14,-9.06735217508572e-16,-8.31673444711854e-15,1.30531978455306e-14,4.49773817365676e-15,1.60948728303301e-14,6.18060968073444e-15,-2.39786489275584e-14,-2.71121016262588e-15,1.12619467787858e-15,5.3926481335953e-14,2.89190600719774e-16,-2.2229193854563e-15,2.24388378971402e-14,2.84646438364344e-14,2.87484337550825e-15,6.02691724652105e-15,-8.23390834681081e-14,-2.70413205441869e-05,-4.85240622655042e-05,0.00257475448620452,9.08428126883295e-05,-3.1867800133996e-05,8.16164484635272e-05,4.71785551540763e-05
0.116760491389816,2.97180967443085e-14,2.82797873660257e-14,1.19835510872107e-14,-2.2264872237554e-13,-3.59816885488196e-15,-7.86575665712164e-14,2.92743260188466e-13,-0.324769001523578,0.0350899553632392,-0.0659294479233815,2.92050300368284,0.014497892206097,-0.23934653926443,-1.31634172589751,1.25698063069279e-14,4.26885089777063e-14,7.23687602899314e-14,2.27054486323652e-13,8.49945114289596e-14,-2.27964348786802e-14,-6.84785561588797e-13,-8.72362908500195e-14,2.48714894166002e-14,-2.84560295113609e-14,1.31342907470217e-13,2.68265837603983e-14,1.70526383947789e-14,-2.20055310778955e-13,-9.05104306390611e-14,-6.67651697816574e-15,-4.80540900040655e-14,-2.56230800466106e-13,-5.79668691519375e-15,-5.25189971806866e-14,7.4392922377875e-13,3.35452152167015e-15,-1.72665701181351e-14,1.7650811368064e-14,2.53894127943965e-13,-1.20832163719164e-14,2.79960516574862e-14,-4.12669898253171e-13,-2.32893131862921e-14,6.39874438157495e-15,-9.85626510963122e-15,1.92873494953005e-13,1.73073361198206e-14,-1.43689313919504e-14,-4.86041762393086e-13,0.000512823195679337,6.79665754780264e-05,9.08428126883295e-05,0.00111884085218861,7.99805272193821e-05,0.000162810376906568,0.000254921369444275
-0.0012475746212948,1.58897451674276e-16,2.11770095274837e-16,1.10011792156441e-16,-1.5321674051022e-15,3.47317389692153e-17,-5.35911816497165e-16,1.78101890874194e-15,-0.0224192400290058,0.00181300097868756,0.00389868280768624,0.014497892206135,0.553006130984806,-0.0895074674721408,-0.183879186890346,-5.55588561268472e-15,-6.12628437562934e-16,-2.21608213550606e-15,4.60048665829049e-15,-1.6754826692722e-14,-4.52654407012698e-15,-2.73392419813945e-15,-2.4903737549089e-14,9.19235517985915e-16,-1.559281988535e-15,6.64699279775624e-15,1.00863836326095e-15,-4.14713895481047e-16,1.67843305443408e-14,-1.61370618473669e-14,-1.70951577546652e-16,-6.78966702739175e-15,1.02007161398299e-14,-6.80587584987041e-15,-8.08841925728498e-16,4.2335926431214e-15,-4.92077353256987e-15,-3.13057956294327e-15,3.3729529586024e-16,-3.57786716920216e-15,-3.70829669055217e-15,8.56939844605387e-15,5.14865927669916e-15,-4.39866242388232e-15,1.07875405656876e-15,9.40030388599244e-16,7.16007114709427e-15,4.44522890719057e-17,1.83894240980698e-16,-9.82373904445666e-15,0.000247558148319167,0.000103882981201177,-3.1867800133996e-05,7.99805272193821e-05,0.00535233055023155,0.000195278674716908,5.28466305165698e-05
0.0937814097964979,-4.09269057581813e-14,-3.83290963665338e-14,-1.57538880707098e-14,3.08675082564581e-13,5.77551024447944e-15,1.06172995429046e-13,-4.05968525940201e-13,-0.108254973594596,-0.345869660619374,-0.0837455058795299,-0.239346539264495,-0.089507467472083,2.53721377167358,-0.133070880862792,5.22211261863234e-14,-1.1460559064258e-15,-9.87263656243575e-15,-3.06143565359518e-13,-6.54142809797947e-14,-3.25573918410864e-14,9.26358816044637e-13,-4.90224243162346e-14,-1.48133356980568e-17,-7.05466631419839e-15,-8.59720924821766e-14,1.09363085621039e-14,4.31035172171365e-15,2.65161319550761e-13,1.01253950478963e-13,2.12615891553988e-14,-2.04291251748373e-14,3.90672601690775e-13,5.991733191958e-15,3.19157305022234e-14,-9.6786765884857e-13,-2.24655295993741e-14,-3.25294533063542e-14,-1.21451649735468e-14,-2.35626839220626e-13,-1.54953903441085e-14,4.3597056845722e-15,6.87662600473704e-13,1.74306404000183e-14,-8.65487423482719e-15,7.15220390508017e-15,-2.42175854023308e-13,-2.73288336405386e-14,-1.18589152712199e-14,7.64925015689366e-13,0.000287075757118264,0.000211381665434937,8.16164484635272e-05,0.000162810376906568,0.000195278674716908,0.00117362296812931,5.52126347476809e-05
-0.0216657001929355,1.20967688990725e-14,1.14374655579841e-14,4.90669245685471e-15,-8.65557625573388e-14,-2.09869014528019e-15,-2.8560649938808e-14,1.08347358862559e-13,-0.0801691832384505,-0.0603931076690616,-0.0757882304586796,-1.31634172589738,-0.183879186890351,-0.133070880862812,6.07549284169889,-6.64503174707676e-14,7.24593995915512e-15,-6.03527644527091e-14,5.32907051820075e-14,9.01362318117549e-15,-1.39542023769312e-13,-5.49560397189452e-14,1.24273743287153e-13,-1.21537979333453e-14,8.51455475678504e-14,3.01961147058938e-14,-4.42087637114383e-14,-2.39296362130985e-14,-6.44657938142501e-14,-9.50030527337165e-14,-1.18761337569717e-14,-7.18555531915854e-14,-1.50476853200132e-13,-6.33022280427387e-15,3.54451711037651e-14,3.0110636206615e-13,-3.48145991202475e-14,1.39367684059977e-14,1.21057677771041e-14,-1.82354131794682e-14,2.23709939461969e-14,-2.69177041767321e-14,-1.73305814143987e-13,2.18618526059977e-15,4.38451358553138e-14,8.81191820900629e-14,8.37940827835837e-14,1.0099560077137e-14,4.48707911104851e-14,-3.39062111720523e-13,0.000187430031277184,-2.56596702182945e-05,4.71785551540763e-05,0.000254921369444275,5.28466305165698e-05,5.52126347476809e-05,0.000639275625810202
-0.0316438718078856,5.54292431452583e-16,-2.62049971023852e-16,9.35708826502353e-17,-3.76247969412213e-15,-3.45826611704986e-17,-4.48988448416981e-16,4.96185124237991e-15,-4.59864690272906e-15,-9.15351236648043e-16,1.83030267374498e-15,-8.64477760209592e-15,-2.74693462420927e-15,-2.93932629971683e-15,7.49400541621981e-16,0.797337404708838,-0.0664622944952007,0.0291318091396665,-0.324769001523721,-0.0224192400290366,-0.108254973594515,-0.0801691832385048,1.28365683222374e-15,-7.33071016948339e-17,-2.01854473484394e-15,-8.83744710441017e-15,-2.78192682580977e-15,-1.59436588145203e-16,9.37089490206378e-16,-3.97254725317299e-15,-5.42978612376108e-16,3.08601715958822e-15,-4.37356314358928e-15,-1.34525772682928e-15,-4.13001745433114e-15,1.45356816860787e-14,-6.06475590234079e-17,3.42092890473489e-16,1.60841392288225e-16,6.90940360481562e-15,1.4548908952583e-15,-8.89804722958853e-16,-1.43565714871841e-14,-1.29174557335354e-15,-1.75911802485773e-16,-1.624717613051e-15,1.42203956943199e-15,6.81366855298515e-16,2.27452063260303e-16,-7.70564168028898e-15,0.00387316616118757,0.000251077560515636,-2.70413205441869e-05,0.000512823195679337,0.000247558148319167,0.000287075757118264,0.000187430031277184
0.00388612196078667,6.32818145487098e-15,5.48784515009768e-15,2.34705375794231e-15,-4.76846752188453e-14,-1.023459745772e-15,-1.4868977292362e-14,6.11704697311977e-14,1.88263033634728e-14,3.58632394614755e-15,4.11397803844193e-15,-7.255480938273e-16,-2.44379169678233e-15,-1.59908978419887e-15,6.34735319859914e-15,-0.0664622944952111,1.644047564816,0.0479336048121567,0.0350899553632408,0.00181300097869232,-0.345869660619367,-0.0603931076691376,5.71731442232186e-15,5.62948684657049e-16,3.49584896891953e-15,3.73053638761528e-15,5.07777617154113e-16,-2.01904194318397e-15,-3.77282027234221e-14,-1.21459442438583e-14,-3.3760700398483e-15,4.17082411359807e-15,-5.57923932748006e-14,-1.07418685491717e-15,-3.59771484522223e-15,1.4845980347844e-13,1.89960352135754e-15,3.38921599118969e-15,-2.24223851291727e-15,3.39155786788226e-14,1.88044024795886e-15,-6.68735899989059e-16,-8.71733241147865e-14,-2.92927032456702e-15,4.03637626794628e-15,3.59895490145701e-15,3.56971396886507e-14,3.87439646337695e-15,1.04270433433362e-15,-1.02844815996761e-13,0.000251077560515636,0.00174843523084225,-4.85240622655042e-05,6.79665754780264e-05,0.000103882981201177,0.000211381665434937,-2.56596702182945e-05
-0.123467364969176,-4.14565029440567e-16,2.95170822733979e-15,3.56922743314017e-17,-4.67058032874168e-15,5.89704337878444e-17,2.07516973440083e-15,1.76952636571359e-15,1.86894228391965e-14,3.57107735309697e-15,1.35186051805972e-14,-3.52703977135604e-14,6.83196446464585e-15,-9.42483396014493e-15,9.09420108663461e-14,0.0291318091396621,0.0479336048121439,1.1143225577402,-0.0659294479232755,0.00389868280768966,-0.0837455058795186,-0.0757882304587625,4.56589595030699e-15,9.07607661444244e-16,2.6638370921936e-15,-1.72601529965268e-14,1.43608634031278e-14,-2.63433514639897e-15,6.38676394756899e-15,-9.52438574243573e-15,7.69461669944752e-15,2.79050261088425e-14,-5.27063202110378e-15,1.43307132653703e-15,4.50882414087042e-16,-7.83010808969031e-16,-3.3081718787964e-15,7.33267613295396e-15,1.05330241056967e-16,-3.2985766895699e-14,-2.02312125385795e-15,1.69046092228509e-15,9.92643467423449e-14,-2.46454061585827e-15,8.74501209294221e-15,-2.12240706780331e-15,2.65612185024189e-14,3.19644484492176e-15,3.14803521792029e-15,-9.31910798529501e-14,-2.70413205441869e-05,-4.85240622655042e-05,0.00257475448620452,9.08428126883295e-05,-3.1867800133996e-05,8.16164484635272e-05,4.71785551540763e-05
0.00544823519442041,1.44146847236293e-14,1.43015482269304e-14,5.84699389599708e-15,-1.07755818157251e-13,-2.14411821630733e-15,-4.00730880770195e-14,1.45442685672847e-13,7.40427684442491e-14,8.56649820524247e-15,-7.30318583386236e-15,-1.28230759344206e-14,-1.79465817207181e-14,-4.02195637905223e-15,-1.23234755733392e-14,-0.324769001523737,0.0350899553632021,-0.0659294479232891,2.92050300368289,0.014497892206187,-0.239346539264492,-1.31634172589779,-2.43904018076141e-14,4.30596313813481e-15,-5.2952434104192e-16,6.24012560374032e-14,-3.3997327522628e-15,1.36541643334757e-14,-8.9677397452359e-14,-3.49337529390037e-14,-5.99780641818981e-15,-2.90549919193528e-14,-1.21087168070133e-13,-3.33934269125535e-15,-6.19567331466842e-15,3.35301231224605e-13,5.36983651988621e-15,3.45036499371787e-15,1.07414077632484e-14,7.061018436616e-14,2.30024332914525e-15,7.58247631349462e-15,-1.85851334322251e-13,-8.61160101561786e-15,4.85549100925908e-15,1.69595240628873e-14,9.66171587180042e-14,7.87911402788666e-15,3.66633806647698e-15,-2.41362485553509e-13,0.000512823195679337,6.79665754780264e-05,9.08428126883295e-05,0.00111884085218861,7.99805272193821e-05,0.000162810376906568,0.000254921369444275
-0.0128335544671091,-1.88993379323169e-16,2.74425122383237e-16,-5.20484805428822e-17,1.10642831702146e-15,-1.64785177690641e-16,-8.83675592552521e-16,-2.94902990916057e-16,-9.20319593103458e-15,-4.13254500064575e-15,-8.72555066394609e-15,3.59061738675059e-14,5.80590263365988e-15,2.81605251270522e-15,-3.64014374198973e-14,-0.0224192400290293,0.00181300097869206,0.00389868280768835,0.0144978922061729,0.553006130984806,-0.0895074674721243,-0.183879186890363,1.28482103665809e-14,-2.40538637592087e-15,-1.41343032655609e-15,2.45273636470533e-15,-1.38220632042805e-14,-1.09386427731483e-15,1.97330216403224e-15,4.2044072758908e-15,9.54368962330365e-17,9.04581043317115e-15,9.80769285230387e-15,-2.67312756131732e-15,-2.09829712199266e-15,-6.99613977861446e-15,8.90129983610599e-16,1.73342243336982e-15,2.86901578883114e-15,1.50435219836709e-14,-3.49113099540332e-16,-3.721307116622e-15,-3.3806291099836e-14,3.26160539548814e-15,-3.07577314312413e-15,-4.18610458796653e-15,-1.02279296143593e-14,-8.36353555855318e-16,-1.42995424529113e-15,2.33493779866478e-14,0.000247558148319167,0.000103882981201177,-3.1867800133996e-05,7.99805272193821e-05,0.00535233055023155,0.000195278674716908,5.28466305165698e-05
0.045420349061046,-1.93685679270744e-14,-1.76317666792779e-14,-7.37659987346678e-15,1.45098939374061e-13,2.84256464395428e-15,5.13382620513344e-14,-1.93151050709162e-13,-5.59760367940289e-14,-1.73877568159647e-15,-9.4361638728474e-15,7.22078646875346e-16,1.45860970870992e-14,2.11762302571722e-15,-9.87491338699797e-15,-0.108254973594491,-0.345869660619358,-0.0837455058795171,-0.239346539264616,-0.0895074674721536,2.53721377167361,-0.133070880862326,-1.21701911972482e-14,-3.41767502766801e-15,-6.21499180685468e-15,-3.10580757618105e-14,-1.83087018581964e-16,2.11630610124248e-15,1.24984170148806e-13,3.93928731865292e-14,1.34530516067433e-14,-3.70882862724305e-15,1.77316603240663e-13,3.9598044895145e-15,5.24491948895693e-15,-4.66485357286661e-13,-9.11941420815576e-15,-1.13861285851169e-14,-3.58559210968112e-15,-1.09450642993281e-13,-6.83242525056915e-15,2.94894859399764e-15,2.9959715264205e-13,7.56945233489764e-15,-5.59762739632541e-15,-8.92658885177922e-15,-1.13020703906841e-13,-1.16044869026555e-14,-4.3378928921145e-15,3.20342710691257e-13,0.000287075757118264,0.000211381665434937,8.16164484635272e-05,0.000162810376906568,0.000195278674716908,0.00117362296812931,5.52126347476809e-05
0.0460924812374863,6.97781676189946e-15,2.66583630170736e-15,2.73316525661871e-15,-5.08308672930724e-14,-3.95083271653718e-16,-3.48180685671995e-15,4.65183447317941e-14,-2.53096155145016e-14,1.15341763917698e-14,1.46826995006677e-14,3.77475828372553e-14,3.11209391590239e-14,-1.406080113453e-14,5.99520433297585e-15,-0.0801691832385002,-0.0603931076690196,-0.0757882304587122,-1.31634172589747,-0.183879186890389,-0.133070880862719,6.07549284169911,3.01626670688726e-14,-4.0239079429627e-15,5.3227008304374e-15,-4.98732999343332e-16,1.97336721616259e-14,-1.00410402648771e-14,-4.98472790821936e-14,-6.19057756445773e-15,-1.51961776495568e-15,4.03440301999236e-14,-6.48647802137248e-14,1.05037506470396e-15,-3.01820200776515e-15,1.20875531806064e-13,-2.91433543964104e-15,-8.61810622865278e-15,-1.98799310346942e-14,4.40758540776187e-14,6.88338275267597e-15,-7.4419637119405e-15,-1.19459997449667e-13,-2.38004060904018e-15,1.31838984174237e-15,-1.12514164651856e-14,4.88498130835069e-15,2.46330733588707e-15,-7.37604421985338e-15,-4.39648317751562e-14,0.000187430031277184,-2.56596702182945e-05,4.71785551540763e-05,0.000254921369444275,5.28466305165698e-05,5.52126347476809e-05,0.000639275625810202
-0.0117992980664251,-1.69422840572047e-15,-1.38141614059691e-15,-6.30273566531062e-16,1.29881243275996e-14,2.1592071553506e-16,3.92371318656432e-15,-1.59459098045777e-14,6.32456203014781e-15,-7.09161198553349e-15,2.81848709715387e-15,-1.04146834385699e-14,1.23889918777435e-15,-6.30350494989774e-15,-3.38822564026776e-14,-4.11197649958757e-15,-4.2752194420395e-15,1.85229906059399e-16,-8.01091235447943e-15,-1.45139463971356e-14,-5.38106732973385e-15,3.14932270800011e-14,0.797337404708834,-0.0664622944951993,0.02913180913967,-0.324769001523741,-0.0224192400290363,-0.108254973594518,-0.0801691832384672,1.84722912503587e-15,-3.64581178471727e-16,3.39041055910822e-15,1.86514300233804e-14,-2.69635405176398e-15,-6.6695162243869e-15,-4.08360860385437e-14,-1.21899391351387e-15,-1.44697198423442e-15,-1.37688223131061e-15,-1.80723898303078e-14,5.07388829031324e-16,1.28276247131056e-15,3.67731425822068e-14,-1.41685795125628e-15,-5.909845222991e-16,1.08896948567089e-15,-3.23230821990851e-15,-8.08705129907517e-16,-1.88109754552593e-15,2.91356497847221e-14,0.00387316616118757,0.000251077560515636,-2.70413205441869e-05,0.000512823195679337,0.000247558148319167,0.000287075757118264,0.000187430031277184
0.0646936864522563,-1.27209529902358e-14,-1.18884852443481e-14,-4.94524123068672e-15,9.57788383516454e-14,1.74172489150013e-15,3.29273884055924e-14,-1.25772808644677e-13,-2.62502463965209e-14,-1.02041815633753e-15,5.24140562571481e-15,-3.55810250241093e-14,6.88545417174848e-15,-6.71963180221393e-15,7.79332653098874e-15,1.46112262253037e-14,-1.49689991779385e-15,-9.58328417842306e-16,-9.69164798327732e-14,-1.09046699756999e-14,-9.77319277684573e-15,2.62975134290161e-13,-0.0664622944952058,1.644047564816,0.0479336048121525,0.0350899553631623,0.00181300097868833,-0.345869660619371,-0.0603931076689283,2.45261034076116e-14,6.66702991798891e-15,-8.34638102378891e-16,1.19285501886269e-13,2.98461217508795e-15,8.47724102316458e-15,-2.93861081098628e-13,-5.97966106663549e-15,-3.37462118999202e-15,-1.56913679335983e-15,-7.43867722410516e-14,-4.44077012575622e-15,-1.31029940654667e-15,1.9660060255125e-13,5.24489270153997e-15,-1.09151926660036e-15,-1.54359133846182e-15,-7.20582786690495e-14,-6.96254856950873e-15,-1.67570094966271e-15,1.97185814226376e-13,0.000251077560515636,0.00174843523084225,-4.85240622655042e-05,6.79665754780264e-05,0.000103882981201177,0.000211381665434937,-2.56596702182945e-05
0.0331238816144104,1.85560225747771e-16,-2.85671017358277e-15,-1.18028992089428e-16,4.53629617220696e-15,-2.49003863691123e-18,4.10060157502489e-16,-4.63001761496357e-15,2.06164068593927e-15,9.13110273343228e-15,1.69969861596224e-14,-1.06693235653712e-14,-8.51614717872588e-15,2.58788486542317e-15,5.22927648448704e-15,2.21193696802043e-15,-8.02347597066958e-15,-1.12481251069108e-14,8.47968749254427e-15,7.8555631238212e-15,-1.34201886342139e-14,-1.92230942535482e-14,0.0291318091396565,0.0479336048121586,1.1143225577402,-0.0659294479232837,0.00389868280768834,-0.0837455058795149,-0.0757882304587185,3.33984721848945e-15,2.23456277975859e-15,-1.78341677960628e-15,3.00568667245299e-15,-3.50466181734012e-16,3.80150322992108e-15,6.94864325313013e-15,-5.63292791791871e-16,9.99441343047132e-15,1.373394488447e-14,-4.03776743485885e-14,-3.23281898077571e-15,4.73594692007248e-15,8.22347019039521e-14,-1.257484784703e-15,7.31865350251217e-15,9.12335905234936e-16,2.05724482317104e-14,1.28727281587557e-15,4.30256865359868e-15,-4.90667077281126e-14,-2.70413205441869e-05,-4.85240622655042e-05,0.00257475448620452,9.08428126883295e-05,-3.1867800133996e-05,8.16164484635272e-05,4.71785551540763e-05
-0.229957971303479,-2.97666397789992e-14,-2.80517326388234e-14,-1.16253287835974e-14,2.22247160995906e-13,3.88138533222475e-15,7.80229622873534e-14,-2.93541395617741e-13,-9.64473980687814e-14,-1.17086584026406e-14,-1.3736638237484e-15,-2.29092461147273e-14,1.29052313540406e-14,-8.91230279409082e-15,6.76004391353402e-14,1.95344093548502e-14,-3.44758672565088e-15,-1.02868560024338e-14,-1.99268336206759e-13,-3.03596937086675e-14,4.22678249822547e-15,6.14983758362442e-13,-0.32476900152374,0.0350899553631864,-0.0659294479232845,2.92050300368271,0.014497892206185,-0.239346539264469,-1.31634172589731,5.44001044670915e-14,1.97889376733025e-14,2.23419593508309e-15,2.52220390840191e-13,1.10403121378073e-14,-1.65481057608457e-15,-7.03517485153154e-13,-1.86286397549015e-14,-8.82554120930357e-15,-1.73763049305178e-15,-1.71611206148392e-13,-9.70805467265246e-15,-7.6815723920598e-15,4.67894820110892e-13,1.27872599932789e-14,-8.4974480793823e-15,-7.6998039292165e-15,-1.67909739931527e-13,-1.67897244501489e-14,-1.11714158973833e-15,4.63604415273933e-13,0.000512823195679337,6.79665754780264e-05,9.08428126883295e-05,0.00111884085218861,7.99805272193821e-05,0.000162810376906568,0.000254921369444275
0.000510392658403634,2.56470379711831e-16,2.59068467989076e-17,8.82761855760671e-18,-1.72841900975039e-15,-1.21800690837208e-17,-2.17532857461702e-16,2.15200409304627e-15,3.8285461464256e-14,-4.50785471166229e-15,-1.41458106316659e-14,-1.99250812789147e-14,-1.02541914473724e-14,-4.13006891158269e-15,8.86439630466002e-15,-6.87286175643812e-15,2.25291790431625e-15,-8.04989535181091e-15,-5.60922835957101e-15,1.42244614524667e-14,-9.49302773569543e-15,1.27315692710628e-14,-0.0224192400290508,0.00181300097868824,0.00389868280769038,0.0144978922061739,0.553006130984827,-0.0895074674721331,-0.18387918689038,-5.85996316155962e-15,-3.41576708595432e-15,-5.73292926294626e-15,-9.77466364955864e-15,4.90559681973744e-15,5.30649031389285e-15,5.30399834296202e-15,-3.00414846062078e-15,-1.74715707260955e-15,2.10774662155223e-15,3.85905500263628e-15,8.78352837511975e-16,2.32894461704648e-15,-1.28448683980875e-14,-2.94160905350968e-15,4.74355814637827e-16,3.35536559000209e-15,2.85877007830115e-15,1.01923305136521e-15,2.48401729144743e-16,-6.3968470277731e-15,0.000247558148319167,0.000103882981201177,-3.1867800133996e-05,7.99805272193821e-05,0.00535233055023155,0.000195278674716908,5.28466305165698e-05
0.0105386184370778,3.99763859517913e-14,3.75381523528599e-14,1.58283797876861e-14,-2.99741600346919e-13,-5.32079625038572e-15,-1.0504510612279e-13,3.94966485292049e-13,1.10351362953375e-13,2.06691966525831e-14,-8.60204060768176e-15,1.26073044555029e-14,-2.0847003373651e-14,5.01080709975325e-15,2.4934861033582e-14,-4.59293084911528e-14,9.44587298800531e-15,1.31069478035063e-14,2.96614654767078e-13,3.93703870028785e-14,1.82445465239802e-14,-8.19822047705074e-13,-0.108254973594503,-0.345869660619365,-0.0837455058795183,-0.239346539264366,-0.0895074674721264,2.53721377167362,-0.13307088086301,-7.99068228278835e-14,-2.04246452969886e-14,-6.36484180845176e-15,-3.60373071461802e-13,-6.05290342324942e-15,-2.16216101467105e-14,9.25316968907646e-13,1.86220175454408e-14,1.22259365530894e-14,6.50978785986115e-15,2.45323936675073e-13,1.66750082370034e-14,4.81450520252382e-15,-6.61059003218868e-13,-1.78370134561886e-14,7.65768458063957e-15,7.10950095080258e-15,2.21836173833635e-13,2.25286831053719e-14,5.39365498048388e-15,-6.02900623305688e-13,0.000287075757118264,0.000211381665434937,8.16164484635272e-05,0.000162810376906568,0.000195278674716908,0.00117362296812931,5.52126347476809e-05
0.0567422397713334,-1.15009379718866e-14,-1.0739728096914e-14,-4.06071914781743e-15,8.46401128438284e-14,1.41069779826825e-15,2.61603991236464e-14,-1.07032655308203e-13,1.10463294598646e-14,-9.20480868176615e-15,-1.18762760585069e-14,-5.81368720525832e-14,6.06177434636646e-15,1.65025735047661e-15,-2.79975695405277e-14,2.39396447544032e-14,2.38451294300168e-15,7.29605720457827e-15,-7.66088581460878e-14,2.0361858900364e-15,-1.02319411623975e-14,2.20594376099115e-13,-0.0801691832385,-0.060393107669011,-0.075788230458741,-1.31634172589751,-0.183879186890392,-0.133070880862736,6.07549284169927,3.78445613334524e-14,5.16096666542277e-15,-1.48964194657871e-14,1.0116267632615e-13,-3.24716517780335e-15,6.91129587641979e-15,-2.40083994351714e-13,1.44235480763893e-15,-4.9551291889105e-15,3.17676657549115e-15,-5.48493542251727e-14,-3.45762914827352e-15,4.18230988036283e-17,1.33670852164869e-13,3.08991520521149e-15,-9.24824453130135e-16,5.77717127608901e-16,-5.16964943075848e-14,-6.79436975431491e-15,-2.62620871230301e-15,1.84702947381155e-13,0.000187430031277184,-2.56596702182945e-05,4.71785551540763e-05,0.000254921369444275,5.28466305165698e-05,5.52126347476809e-05,0.000639275625810202
-0.113760834157154,3.54740654092992e-15,3.81110827914048e-15,1.53724499704408e-15,-2.68413560149984e-14,-4.40302125542889e-16,-9.19068398385421e-15,3.49134309245332e-14,1.34731508515487e-14,8.86822235248276e-15,-2.36735756120447e-15,-1.757491721599e-16,8.66795919979638e-16,-1.08207319752423e-14,2.37020689533574e-14,-1.59358576410761e-15,3.65293461711963e-15,-2.1362611386886e-15,3.14166010914607e-14,-5.73998314157276e-15,-1.61271176805661e-15,-6.48383256807161e-14,-7.60320889409911e-15,1.01669565829259e-15,-2.72718582605091e-15,1.20788401761945e-14,-7.09156735748508e-16,7.74721974834283e-15,-1.67345461828659e-14,0.797337404708845,-0.0664622944952022,0.0291318091396616,-0.324769001523756,-0.022419240029032,-0.108254973594522,-0.0801691832384223,3.29538168129286e-16,-6.84633014343128e-16,3.53993364569233e-15,2.11620001036583e-14,4.12858766271618e-15,3.37552793876206e-15,-6.2302593639707e-14,-3.86997918655702e-15,2.71642280338328e-15,7.10852072192437e-16,2.3930944031969e-14,2.33043497151718e-15,2.0045034696773e-17,-5.38033159691587e-14,0.00387316616118757,0.000251077560515636,-2.70413205441869e-05,0.000512823195679337,0.000247558148319167,0.000287075757118264,0.000187430031277184
0.0880580075237039,-5.52909734869485e-15,-5.05927633669839e-15,-2.13443631208286e-15,4.20119193882303e-14,9.16771710900589e-16,1.45556432880301e-14,-5.54114994990793e-14,-8.58294419694636e-15,-1.05125428490321e-15,1.77709206399847e-16,-1.03417708424702e-14,3.96331459404792e-15,-3.67414432211888e-15,7.61695394257966e-15,4.2682972770363e-15,7.3357796616727e-16,8.56011496495196e-17,-3.61401446963283e-14,-5.79282444495427e-15,-3.53407217769733e-15,1.22511809724779e-13,-8.50887451413609e-15,-4.50212543374662e-16,-2.16158872083071e-15,-6.54877509235737e-15,2.10633832339831e-15,3.24776606827009e-15,3.9243690355727e-14,-0.066462294495187,1.64404756481601,0.0479336048121511,0.035089955363248,0.0018130009786894,-0.345869660619366,-0.0603931076691392,-2.8362051205863e-15,-2.42318507924152e-15,-1.4752806723646e-15,-3.30343391530263e-14,-1.93036775800182e-15,-3.45257405564431e-16,9.86311726736133e-14,2.30569991539146e-15,-1.01396620049918e-15,1.87335735845392e-15,-3.02482648303903e-14,-3.32770107042829e-15,2.06316897160413e-16,9.24351740982932e-14,0.000251077560515636,0.00174843523084225,-4.85240622655042e-05,6.79665754780264e-05,0.000103882981201177,0.000211381665434937,-2.56596702182945e-05
-0.0527211864723392,1.0799875482982e-15,-4.84137605222604e-15,-2.49171682093798e-16,2.70650743570272e-15,-1.65757995030562e-17,2.83826976339523e-17,-1.70268530177986e-15,9.06581946896767e-15,1.08054612417527e-14,-2.58164529250843e-14,-4.16367244501781e-14,-1.17997178326022e-14,1.60087448261874e-15,9.58679750168168e-14,-8.42863851087915e-16,-1.26470387710586e-14,-5.67027910627731e-15,1.57888025570374e-14,9.32768266922665e-15,-8.99793274286055e-15,-1.38502490726333e-14,-9.11750361946411e-15,4.86545402254292e-15,6.40772724538992e-15,2.75691267232793e-15,-1.30220134805445e-15,7.3728806709094e-15,2.01133851734188e-14,0.0291318091396582,0.0479336048121527,1.11432255774018,-0.0659294479232679,0.00389868280768992,-0.0837455058795001,-0.0757882304587192,6.87604405922096e-16,6.66936124382733e-15,3.21427353320875e-14,-2.32574376424211e-14,-1.92742008334537e-15,4.83603635652655e-15,6.75661783466897e-14,-9.69970462185842e-16,7.44389155892845e-15,1.56765961025146e-14,2.25265227478399e-14,5.80183687551306e-16,1.21861867791824e-14,-4.60543062019703e-14,-2.70413205441869e-05,-4.85240622655042e-05,0.00257475448620452,9.08428126883295e-05,-3.1867800133996e-05,8.16164484635272e-05,4.71785551540763e-05
-0.0273634279814804,-1.35136280149991e-14,-1.3151616297738e-14,-5.38231162113337e-15,1.01065857072147e-13,1.77441882801693e-15,3.49178117789364e-14,-1.318940616446e-13,-4.55751566043675e-14,-1.83246972283724e-14,3.24894733512437e-15,-1.57001148193281e-14,1.08411543631171e-14,-3.98037722573741e-16,-3.64638874650325e-15,6.02209254685349e-15,-5.8412476244829e-15,-2.82998451062166e-15,-1.05058323152107e-13,-4.9964372916822e-15,-2.42980548875726e-15,2.74683054080072e-13,2.28083793137859e-14,-4.34861294109495e-15,-3.46397342504846e-15,-6.76246439488409e-14,4.21730928174338e-16,-7.23501535171791e-15,8.26008640826548e-14,-0.324769001523706,0.0350899553632017,-0.0659294479232726,2.9205030036829,0.014497892206175,-0.23934653926447,-1.3163417258978,-5.82097304385742e-15,2.2887507861169e-16,-4.46734663150927e-15,-6.8067079750378e-14,-3.62557206479153e-15,-1.08397449002928e-14,1.81410442223751e-13,8.15824187719305e-15,-4.42831535329979e-15,1.17961196366423e-15,-8.17228229532674e-14,-7.64817896514725e-15,-6.57026516526216e-16,2.0970031266998e-13,0.000512823195679337,6.79665754780264e-05,9.08428126883295e-05,0.00111884085218861,7.99805272193821e-05,0.000162810376906568,0.000254921369444275
