"bprior","Vprior.1","Vprior.2","Vprior.3","Vprior.4","Vprior.5","Vprior.6","Vprior.7","Vprior.8","Vprior.9","Vprior.10","Vprior.11","Vprior.12","Vprior.13","Vprior.14","Vprior.15","Vprior.16","Vprior.17","Vprior.18","Vprior.19","Vprior.20","Vprior.21","Vprior.22","Vprior.23","Vprior.24","Vprior.25","Vprior.26","Vprior.27","Vprior.28","Vprior.29","Vprior.30","Vprior.31","Vprior.32","Vprior.33","Vprior.34","Vprior.35","Vprior.36","Vprior.37","Vprior.38","Vprior.39","Vprior.40","Vprior.41","Vprior.42","Vprior.43","Vprior.44","Vprior.45","Vprior.46","Vprior.47","Vprior.48","Vprior.49","Q.1","Q.2","Q.3","Q.4","Q.5","Q.6","Q.7"
-0.0802716024411802,1.51867110293715,-0.672020517343085,0.0230355042114727,-0.549607788705335,-0.119901289760448,0.128731554111605,-0.0635990465752886,3.95808755373041e-16,-1.74946184925903e-16,3.42849714411861e-16,-1.17805850523896e-15,3.24056170894656e-16,1.14030963491163e-15,1.28458983901514e-15,1.48125733684043e-16,6.93401499413104e-16,1.48934650148671e-16,2.61340157414053e-16,7.61482619581616e-19,9.42171687889903e-17,2.26815094483968e-16,7.86491267349299e-17,6.46052357661589e-16,2.57929367493697e-16,4.92058379718968e-17,-1.63784514142578e-16,1.84734497664374e-15,7.01234860109312e-16,-3.62556359446205e-16,1.10063461166224e-15,1.02611688812754e-16,6.81892015725813e-16,1.85000042493338e-16,-4.29831951281878e-16,-2.53670782296433e-15,-6.24110816195914e-17,-1.00628869386526e-15,-3.74032808848554e-17,-3.92074610625071e-17,6.84893900490882e-17,-1.72821826294189e-16,1.99363095476635e-15,-1.95614212355382e-16,3.31435521931135e-17,-1.11217755315095e-16,1.64073670014947e-16,-1.60980729208048e-17,-6.24473346297338e-16,-5.19963033133314e-16,0.00361051221974752,0.000394899143533703,-8.93151500154513e-05,0.000508472845138396,0.000384430688677724,0.000125054840938715,0.000213961519757598
0.0916739178437531,-0.672020517342954,6.8405488650118,0.215050109778239,0.334062163300789,0.0599330527394097,-1.99576440896292,-1.63735174325235,5.90643697416949e-15,9.77299838278434e-16,-1.26795750006285e-16,6.89945604988307e-16,-2.83736640275698e-15,-2.76428185896904e-15,-2.52423949798075e-15,-7.71125242653159e-16,-2.40698303302644e-15,4.60670726825513e-16,-9.40762225065672e-16,6.48827237596794e-16,-8.97025509427607e-15,9.47159017883337e-16,8.1810846617146e-16,-6.63901713552489e-15,-1.80394131436053e-15,-2.62424359586538e-15,2.4731075070868e-16,-1.10885692988782e-14,8.26920996954694e-16,1.87886137854518e-15,-1.86480334212619e-14,-4.48715364994787e-15,-4.40972128604167e-15,-1.19263424819532e-15,-8.78767544842951e-15,1.47997933352961e-14,8.42411535494081e-16,1.19560394570839e-14,2.09544431502631e-15,1.66674399976197e-15,-5.27084886153828e-16,1.16512702263982e-14,-2.3782191493904e-14,2.00278399279438e-16,1.06746480144776e-15,-7.58546379869959e-16,-1.31947065578307e-15,-9.51895626124383e-18,1.05693448784749e-15,1.7612864292027e-16,0.000394899143533703,0.000769091024942746,-8.36688361695125e-05,0.000161944587843995,5.30997179905468e-05,0.000119925949953368,0.00015449405958851
0.0800724958665883,0.0230355042114826,0.215050109778068,1.53540168494468,0.0205942168545993,0.0926446048649779,-0.209162649265315,-0.137327282188066,3.24981554389531e-16,8.04179856386811e-16,-6.07412938069334e-16,5.3941175663522e-16,-1.15649272876451e-16,-3.30837516670374e-15,-4.61314471865426e-16,-1.49196383329372e-17,-3.89933311334412e-16,-2.5738620761627e-16,-3.08428413017814e-16,-1.01933215422003e-16,-4.02997947512862e-16,6.55996524462354e-16,1.42658347767753e-16,-1.26987179452365e-17,1.78436172426828e-16,-4.01857841165858e-16,-1.49723661339038e-18,5.36449682418672e-16,2.79873238299977e-16,5.3401149808e-16,-7.10704688459615e-16,-1.47975385335905e-16,-1.54747159639319e-15,-1.24959382576638e-16,2.75577087191503e-15,2.55931343826066e-15,4.65546248469909e-17,3.93497625976458e-16,1.521186469974e-16,7.08898814216069e-16,-1.75162178327453e-17,5.2280228757251e-16,-2.43360019636096e-15,-2.48760871114379e-17,-1.57716687745803e-16,3.36562188844392e-17,-4.56597345382167e-17,1.68171509534645e-17,2.55803950070799e-17,7.17945126092745e-17,-8.93151500154513e-05,-8.36688361695125e-05,0.00323404062847894,6.97142228923764e-05,-0.000295027965932551,4.79985479509968e-05,3.32335342482436e-05
0.142603237718078,-0.549607788705263,0.334062163301148,0.0205942168545105,5.70379054851984,0.0632083818753099,-1.58835408206526,-3.09517358842715,3.46566410281118e-15,-2.03413945843584e-15,5.80152347332257e-16,-6.86320303974058e-16,-1.39513272082951e-15,-7.11139046954967e-15,1.11401773222886e-15,2.3233029541013e-15,-5.77278025729044e-15,3.13174508027869e-15,-5.73705579570705e-15,7.7091517848224e-16,-1.36080383073001e-14,1.5781646822699e-14,1.97603638638598e-15,-4.79308162170539e-15,7.52636207480492e-16,-2.59755866989508e-15,6.25463527812679e-16,2.77002813048322e-15,5.57095602288227e-15,2.19535015708906e-15,-6.20272062878957e-15,-1.95234318078538e-16,-2.78002989552439e-15,-6.73443709109899e-16,1.53523027623947e-15,1.19227544503886e-14,1.43019819077994e-16,5.72973743104277e-15,-3.93748347728845e-16,1.6134554629843e-15,-7.00841836821786e-16,2.02364167090074e-14,-2.03916744601074e-14,2.67089986466604e-15,3.72357377678885e-15,2.05670018098595e-15,-2.24684976028212e-15,1.99842389069838e-16,1.40739741909257e-14,3.6554418346435e-15,0.000508472845138396,0.000161944587843995,6.97142228923764e-05,0.000826103889964493,8.96198199561761e-05,0.000126810129214522,0.000247989713374595
-0.0647314484151132,-0.119901289760481,0.0599330527394682,0.0926446048650021,0.0632083818754991,1.20451113934844,-0.259173049396131,-0.253605622071144,-3.44039372186279e-17,1.41823046226819e-15,-1.99786273137083e-16,6.83571682060218e-16,-1.94360550653886e-16,-2.39807902268491e-15,1.41576474935873e-16,2.12266456581928e-16,7.41916158500042e-16,5.66913222366672e-16,-6.64029784934114e-16,1.69230830114305e-16,2.77067865178671e-16,6.49870782187811e-16,6.57242509927766e-17,-3.54599331939699e-16,3.84543428932796e-17,-3.2698859895805e-16,-9.65951079092884e-18,5.22436369339296e-16,3.36007805780414e-16,1.74017836815712e-16,-4.15019039100295e-16,2.37321055886999e-16,2.23999556967294e-16,-1.77355993660842e-17,4.14707330975705e-17,7.88811290591829e-16,-6.41627457545133e-18,8.0201145204184e-16,6.89137535556626e-17,3.07079936565785e-16,-9.58989527057637e-18,3.20164901534969e-16,-1.78443414558527e-15,3.59499841056038e-17,7.64769107416963e-17,-4.08111326596759e-17,-9.60516303945063e-17,-7.83680176755599e-18,1.25618374209602e-16,3.15723060759568e-16,0.000384430688677724,5.30997179905468e-05,-0.000295027965932551,8.96198199561761e-05,0.00416830681029083,8.65808174662175e-05,9.50079150017863e-05
0.0202977709096329,0.128731554111737,-1.9957644089655,-0.209162649265671,-1.58835408206411,-0.259173049396202,14.6322940727069,-2.38340560617616,-4.71554761384552e-15,-1.05910289219247e-14,4.59300566330034e-15,5.2840761280426e-15,3.64644295661187e-15,-1.53696499971545e-14,-9.3570984294189e-15,1.13215643457454e-14,-1.49359691281603e-15,1.11149154116696e-14,-2.89204424297473e-14,1.85008258712926e-15,-3.03090885722668e-14,6.18671780472368e-14,1.74746285150351e-15,5.4524527254296e-15,3.23391758250829e-15,-1.53436291450149e-15,-5.87095476400901e-17,2.68361721733612e-14,1.46289230729124e-14,-5.31107276213749e-15,3.15966870723106e-14,4.41996699657166e-15,3.41957365201928e-15,2.32957099791098e-15,-4.44089209850063e-16,-1.52967916111635e-14,-1.31426987348693e-15,1.33313499128818e-15,-5.47597991257254e-15,-2.36269337428041e-15,-2.80428891913376e-16,5.47895062652515e-14,-1.12826414877532e-14,2.53128681210191e-15,6.79567079692189e-15,9.00816151273159e-16,-1.24227884923389e-15,-4.11007491062099e-16,1.35646702204006e-14,-4.14685646932256e-15,0.000125054840938715,0.000119925949953368,4.79985479509968e-05,0.000126810129214522,8.65808174662175e-05,0.000360246959651352,0.000111097709487842
-0.20198919988486,-0.0635990465755622,-1.63735174325099,-0.137327282187742,-3.09517358842813,-0.253605622070851,-2.3834056061755,13.214419436745,-1.25183880188978e-14,7.92985468955898e-15,-4.42415472746288e-15,-4.16713104994804e-15,1.70721184584999e-15,3.55184631706251e-14,6.51822346098285e-15,-1.34848729405057e-14,1.22801074864398e-14,-1.60650572705867e-14,3.51689163902158e-14,-4.18344829264394e-15,5.30547827892747e-14,-8.22536483369163e-14,-7.55304022451164e-15,1.0488246555973e-14,-4.3991909724414e-15,9.70686205026272e-15,-9.608673991017e-16,-2.29885555036446e-14,-2.71224015468974e-14,-3.5098334828787e-15,1.32754050807815e-14,2.52470028390406e-15,1.15766771169312e-14,3.34747420754899e-16,3.63598040564739e-15,-2.97921409764257e-14,-4.77048955893622e-16,-2.50745604835068e-14,2.10595429983584e-15,-4.79304096412392e-15,1.90093166901883e-15,-8.98447982677908e-14,7.48220929658316e-14,-5.72271044571235e-15,-9.42751736052183e-15,-1.76397660584318e-15,3.9738720127025e-15,1.93272589772697e-16,-2.98372437868011e-14,-1.53956708492942e-16,0.000213961519757598,0.00015449405958851,3.32335342482436e-05,0.000247989713374595,9.50079150017863e-05,0.000111097709487842,0.000470206781861854
-0.000875905508547456,2.47353991740637e-15,2.41234983378025e-14,-1.01293557316061e-15,2.4647472918974e-14,1.0630773613634e-14,-4.38507194965021e-14,-3.81871590555624e-14,1.51867110293703,-0.672020517342867,0.0230355042115646,-0.549607788705093,-0.119901289760359,0.128731554111178,-0.063599046575482,-6.27713114309944e-15,2.15006876834558e-14,8.80254439548015e-15,5.99912258827584e-15,-1.64595103249123e-15,-3.53351242444446e-13,1.77064123259635e-13,7.20583321007812e-15,1.16534971223387e-15,3.60252610494191e-14,3.63772701570877e-15,2.7930950995003e-14,-3.15120287444467e-13,2.09776494919136e-13,-3.43515400169368e-14,6.46288366385508e-14,2.75931984938775e-14,-8.9365834580685e-14,2.54602833805896e-14,-3.23395975310236e-13,3.50739905195478e-13,-3.1800650607541e-16,1.37412667431452e-15,3.66423415905873e-15,-4.32760440245021e-14,2.20887809878297e-15,-2.36402531029656e-13,2.52020482382551e-13,4.06601448595657e-15,1.04051153560521e-15,-7.11323955033174e-15,1.51429214282442e-14,-2.78563953391367e-15,4.26879580092439e-13,-3.1881349707533e-13,0.00361051221974752,0.000394899143533703,-8.93151500154513e-05,0.000508472845138396,0.000384430688677724,0.000125054840938715,0.000213961519757598
0.230498908495111,1.92883462836729e-15,-1.80489846159093e-15,-1.54518291336971e-15,2.26557596468002e-15,2.13538954178588e-15,1.23338839141951e-14,-1.48670138699902e-14,-0.672020517342874,6.84054886501171,0.215050109778204,0.334062163301006,0.0599330527393559,-1.99576440896405,-1.63735174325136,1.01716311460035e-15,1.07338194597717e-13,3.28495416308167e-15,-1.26677532264815e-14,-1.22618584196716e-14,-1.05697043592578e-13,1.86487720339919e-14,-4.45901957302755e-15,3.54861027665662e-14,-2.24807204669211e-14,2.76918257984362e-15,5.42463585159468e-15,-5.72438996381599e-14,-1.06030210026336e-14,-1.07737389711404e-14,-4.03863234549525e-14,3.09691699792917e-16,5.0728206079302e-14,-2.09254375326884e-14,-4.82838371030964e-14,-1.8030698021611e-14,1.36357055267914e-15,-3.76494117186685e-15,6.36725730818931e-16,1.89031718151944e-14,-2.92972023141091e-15,3.30480458401788e-14,-9.64986130689042e-14,2.93515406191847e-16,-5.54103634823132e-14,1.75376131322586e-15,8.4451612742083e-14,2.32318426774547e-16,4.71226084013655e-14,-9.53835178048873e-14,0.000394899143533703,0.000769091024942746,-8.36688361695125e-05,0.000161944587843995,5.30997179905468e-05,0.000119925949953368,0.00015449405958851
-0.00165170162795129,-8.53710298559919e-15,-3.78894439152615e-15,4.23532344906999e-15,-5.75045585693261e-15,-1.64445245369457e-14,-1.36409167381807e-14,1.8368431233505e-14,0.0230355042114814,0.215050109778159,1.5354016849447,0.0205942168545915,0.0926446048650448,-0.209162649265606,-0.137327282188186,-3.78361627635523e-15,2.69749802005183e-14,-5.25077631812306e-15,-2.05197825288467e-14,-2.90433126584991e-14,5.93298813246159e-14,-2.2871359495667e-14,-1.16079574338344e-14,8.33804451476869e-14,-1.19912281438584e-14,-2.89262891011355e-14,2.38456152961597e-14,-2.13909224043568e-16,1.45607281326916e-14,-2.21292860959227e-14,1.48383267596338e-13,-7.46727186977251e-14,3.97383803179206e-14,-4.81806678575344e-14,-9.55394216833073e-14,-5.9395886578789e-14,-2.75802950842994e-15,-7.20143273205565e-15,5.60913174983854e-15,-2.10076655324441e-14,-7.58738843291804e-15,1.01109402824207e-14,1.61435464139737e-14,-1.36414984670085e-15,1.02533592151678e-14,6.16017263097991e-15,3.80213473612073e-14,7.29509419181014e-16,3.15225419043063e-14,-5.40198575399917e-14,-8.93151500154513e-05,-8.36688361695125e-05,0.00323404062847894,6.97142228923764e-05,-0.000295027965932551,4.79985479509968e-05,3.32335342482436e-05
0.159418260661681,-1.3357201358432e-16,1.53714118256848e-15,1.83684176809779e-16,4.37940428279354e-15,1.51903204167266e-15,-4.0873337700531e-15,-4.62564014869216e-15,-0.549607788705178,0.334062163301152,0.0205942168545769,5.70379054852014,0.0632083818753861,-1.58835408206462,-3.09517358842899,-9.84166938199127e-15,3.06294368617288e-13,2.72886326892383e-15,2.08844039546184e-14,-2.40371898461588e-14,-3.40289224444836e-13,4.96978201186505e-14,-3.2644809575314e-14,2.54572805085845e-13,-1.14623046254544e-14,-9.80109588310146e-14,1.55281306755315e-14,-5.0352180387217e-14,-1.35289772049154e-14,2.17424281006579e-14,-1.76667263230495e-13,1.74190869976727e-13,2.03427205959084e-13,-9.13838208164142e-15,-7.2429719133563e-14,-2.13684866826939e-13,7.8265555408653e-15,-2.00990506230941e-14,-1.9605671163145e-15,-7.01977121433738e-14,-5.83668540576732e-15,-1.19828548261281e-14,1.27292196016671e-13,1.29763923844399e-14,-2.09125943208485e-13,-1.78464533430823e-15,9.77767576323916e-14,5.44927053348897e-15,1.3648334057469e-13,-1.66897265726624e-13,0.000508472845138396,0.000161944587843995,6.97142228923764e-05,0.000826103889964493,8.96198199561761e-05,0.000126810129214522,0.000247989713374595
-0.0192314615627887,-3.60151505854008e-15,-1.46780179495682e-14,1.69325295463747e-15,-1.73951319318365e-14,-1.00378585444294e-14,2.28624221334031e-14,2.85775905977531e-14,-0.119901289760365,0.0599330527393054,0.0926446048649679,0.0632083818752067,1.20451113934838,-0.259173049395888,-0.253605622070971,2.25383376365356e-16,1.81085971536107e-14,-8.72567398540848e-15,-9.64965235643548e-15,9.95434479704976e-16,2.51336118989383e-13,-1.1634185105984e-13,-7.93252359028692e-15,1.85515546637504e-14,-2.92914438497459e-14,-1.99682956806193e-14,-8.66889641853976e-15,2.16631233108648e-13,-1.25668856374024e-13,1.35081365415834e-14,-2.09711931109898e-15,-2.95003660000153e-14,7.98521832983704e-14,-1.93771804059842e-14,1.81306938238667e-13,-2.71543025944011e-13,-3.57175091634361e-15,1.58344888407646e-16,-3.74387693319577e-15,1.71654644472852e-14,-2.9390205534965e-15,1.54585492919303e-13,-1.35916667062648e-13,-2.66914780762033e-15,1.14216592527584e-14,5.81984753554217e-15,-3.89754154891158e-15,1.57224702113e-15,-2.72428229775906e-13,1.91001837371301e-13,0.000384430688677724,5.30997179905468e-05,-0.000295027965932551,8.96198199561761e-05,0.00416830681029083,8.65808174662175e-05,9.50079150017863e-05
0.0973564122361561,-7.37772473322074e-16,1.29886336061591e-14,-2.73517103063781e-16,1.30678887849678e-14,6.52662602781962e-16,-2.45983788893511e-14,-1.86690940484624e-14,0.128731554111603,-1.99576440896418,-0.209162649265606,-1.58835408206498,-0.259173049396249,14.6322940727021,-2.38340560617226,2.90667868531433e-15,-1.97442364412474e-13,-1.55433612080433e-14,1.17629430501642e-13,2.2096456009613e-14,-2.78183780264701e-13,7.82441467303205e-14,1.29619344923869e-15,1.8186785653241e-14,7.57675448152796e-14,8.08350773674033e-14,6.26056624252813e-15,-1.76572667755616e-13,-4.94236948459306e-16,4.33267712792311e-14,-1.4388632361864e-13,-9.17933367353958e-14,-1.68014481908202e-13,2.38244606879033e-14,1.56649615967643e-13,1.88818253567258e-13,-3.43836592498706e-15,4.34588549500479e-14,1.64496001701239e-14,7.08900923328108e-14,6.53160149935179e-15,-2.10455662771024e-13,-2.77123430540011e-14,3.01688137752126e-15,8.07970919631254e-14,-1.33097360672876e-14,-1.02520912132978e-13,-4.2829309027832e-15,2.16795401143427e-13,-7.24791778108696e-14,0.000125054840938715,0.000119925949953368,4.79985479509968e-05,0.000126810129214522,8.65808174662175e-05,0.000360246959651352,0.000111097709487842
-0.10237664432067,8.60585474410369e-16,9.31123667752276e-15,-3.46090885984529e-16,-5.21577139117602e-15,1.17348622138969e-15,-1.20181642415673e-14,8.56953397132543e-16,-0.0635990465756382,-1.63735174325114,-0.137327282187928,-3.09517358842781,-0.25360562207091,-2.38340560617385,13.2144194367445,2.68319252560428e-14,-3.76381135697016e-13,2.24540059278849e-15,-1.35645119946461e-13,3.99250536111355e-15,5.76548208589163e-13,-1.36354008596282e-14,2.59243261178676e-14,-2.00337173201582e-13,-1.34919464729436e-14,2.29039732287516e-14,-7.39764197182159e-15,1.22298979144254e-13,8.62548303859042e-14,-5.88217533005195e-14,4.32237259307251e-13,-2.31957431189111e-13,-1.54124917166047e-13,1.48921552901724e-15,-9.71622379720895e-14,1.59943412003259e-13,-7.93687807499938e-15,4.27416662243771e-14,-1.40230481349171e-14,-3.96870028363644e-14,9.53015933076245e-16,1.38931699261366e-14,1.05172984308111e-13,-1.59762718064511e-14,2.54174685531947e-13,1.33790331231042e-14,-1.36202817397422e-13,-4.13421375481351e-15,-1.63773771223708e-13,1.9014838921488e-13,0.000213961519757598,0.00015449405958851,3.32335342482436e-05,0.000247989713374595,9.50079150017863e-05,0.000111097709487842,0.000470206781861854
-0.0439773094177824,-5.02238868712018e-15,4.80857622600292e-14,3.28505634966583e-15,5.60882449426175e-14,4.73745866212509e-15,-9.01353644500169e-14,-9.35775979274411e-14,-1.21760954155916e-14,2.47067439263736e-13,1.16038218171829e-13,2.6230688977516e-13,2.61727723054887e-14,-1.06114441841348e-12,1.02833930352839e-13,1.51867110293712,-0.672020517342838,0.0230355042114812,-0.549607788705192,-0.119901289760435,0.128731554110844,-0.0635990465751888,-1.43261295531937e-14,9.24463764001882e-14,6.22625567067417e-14,-2.71022759117217e-14,1.71455703358271e-14,-7.10078013886446e-13,4.80545298470991e-13,9.32605643214237e-15,7.03675785393661e-14,7.40252967452769e-14,-1.16645664122677e-13,8.30035371996498e-15,-7.38859505431636e-13,7.15546599836664e-13,-2.08506924668341e-15,-1.41561757738414e-15,2.18137154589075e-15,-1.12291487101561e-13,-5.55292446491046e-15,-5.15434279154227e-13,5.82750768281693e-13,7.96567205427851e-15,-4.82708262336577e-14,-1.03703451689008e-14,9.56456770233091e-14,-3.59080938637227e-15,9.86645918503275e-13,-8.03698399577339e-13,0.00361051221974752,0.000394899143533703,-8.93151500154513e-05,0.000508472845138396,0.000384430688677724,0.000125054840938715,0.000213961519757598
-0.0870646468207009,-2.81769236849111e-15,2.54958814477346e-14,2.47081543593153e-15,2.42179865571346e-14,1.24866547765619e-15,-3.34758262776624e-14,-4.85956760942763e-14,-1.23682431479264e-13,5.75953880298425e-15,9.07935191879591e-16,7.61295868933779e-14,7.08877986536164e-14,-5.59013912532224e-13,5.16572972650276e-13,-0.67202051734299,6.84054886501181,0.215050109778129,0.334062163300919,0.0599330527393523,-1.99576440896482,-1.63735174325043,1.74897235421277e-14,-8.6910182635931e-14,6.69293949117512e-16,-2.76478141782551e-14,2.70035901478276e-14,-2.67834205707688e-13,2.79236854823408e-13,-4.771930541974e-14,-5.71001662997029e-13,-2.82850322469746e-14,-2.54173968147981e-13,2.00018586481246e-15,7.82005245335369e-14,6.89135968545674e-13,-1.03288192851902e-14,5.39809447074285e-14,-6.91685029497141e-15,-3.549389497999e-14,2.38736592996254e-14,-2.81710608616634e-13,2.9958023908816e-13,2.34953280169452e-14,-3.93216350422174e-14,-1.3128216155611e-14,-1.48531032649497e-13,-7.13173581051347e-15,4.75570523835177e-13,-2.65589151657254e-13,0.000394899143533703,0.000769091024942746,-8.36688361695125e-05,0.000161944587843995,5.30997179905468e-05,0.000119925949953368,0.00015449405958851
-0.131522081318742,1.40195557121964e-15,2.1353361787102e-15,-5.36066823526513e-16,4.19593017015468e-15,2.94897866366726e-15,-4.57056267832989e-15,-6.80808491179685e-15,-3.68081868200853e-15,2.65840897882756e-14,1.9627949632645e-14,7.91779631528698e-15,2.80695178433836e-15,-6.78682837646353e-14,1.69304052936221e-14,0.0230355042114767,0.21505010977812,1.53540168494468,0.0205942168544864,0.0926446048650106,-0.20916264926562,-0.137327282187762,1.90511537319484e-15,-5.43762780920297e-15,9.54445470664044e-15,1.95013837387601e-15,-4.19023548824095e-15,-5.67948337921073e-14,3.60193119523916e-14,-9.11509306957534e-16,-4.02067958805732e-14,1.26173341014938e-14,-6.14349833504882e-15,5.88974389038174e-15,-5.13243201007808e-14,5.73756797535443e-14,1.80949971661398e-15,-1.54332903882784e-14,-3.10188243741487e-15,-1.80710170016586e-15,1.94523319946102e-16,-3.46326945596599e-14,2.73437575140363e-14,1.55068139465959e-15,-1.90915056470192e-14,-1.5625842647667e-15,1.44492395187393e-14,-2.23549633579792e-16,7.09084562188655e-14,-5.75391026904975e-14,-8.93151500154513e-05,-8.36688361695125e-05,0.00323404062847894,6.97142228923764e-05,-0.000295027965932551,4.79985479509968e-05,3.32335342482436e-05
0.0721973267946223,-3.46214891608007e-15,3.00651430834575e-14,2.49290605519592e-15,2.79112128374892e-14,2.92702399319091e-15,-5.79493050767432e-14,-4.24027132850391e-14,-5.34411067344022e-15,1.83210122062414e-13,5.58391728927742e-14,5.37735014152669e-14,-2.70369255993054e-15,-6.05341979782747e-13,2.52346739356801e-13,-0.54960778870521,0.334062163300877,0.0205942168544858,5.70379054851989,0.0632083818753339,-1.588354082065,-3.09517358842738,-9.111493841294e-15,7.53511329099069e-14,6.70247872527277e-14,-1.33942224156994e-14,4.6268660799908e-15,-3.60341713878578e-13,2.34673725561124e-13,-3.38694533408611e-15,2.02613768429631e-13,2.07878034865787e-14,2.05798756518666e-15,5.11182173441374e-16,-5.02145605302327e-13,2.81426981328312e-13,7.90232304827878e-15,-4.87136970064655e-14,6.02977873557511e-15,-6.95855366566794e-14,-8.93566245399866e-15,-2.04124748787865e-13,2.49425175337988e-13,9.26786055704523e-16,1.25825177303674e-15,-4.30610962189512e-15,1.01767609972313e-13,-2.54223201964509e-15,4.70637803326403e-13,-4.51483068443346e-13,0.000508472845138396,0.000161944587843995,6.97142228923764e-05,0.000826103889964493,8.96198199561761e-05,0.000126810129214522,0.000247989713374595
-0.0155759811026242,3.80117046508682e-15,-3.2506989992593e-14,-2.38051918265538e-15,-3.41158545370032e-14,-2.31974139231633e-15,6.2905843728478e-14,5.45459944573112e-14,8.10229526003704e-15,-1.5512913317029e-13,-7.52854874329782e-14,-9.20208059411471e-14,-2.6605412570519e-14,6.47349125293287e-13,-8.0727351293655e-14,-0.119901289760427,0.0599330527392315,0.0926446048650068,0.0632083818753123,1.20451113934842,-0.259173049395643,-0.253605622071109,6.26442203990161e-15,-4.52646384816594e-14,-3.25662187999675e-14,2.63625637693464e-14,-9.80958601064566e-15,4.25121238849733e-13,-3.02504800174238e-13,2.10636302135703e-15,2.96385967597432e-14,-4.83397740604372e-14,6.52620751942829e-14,-4.84904125289398e-15,4.17356385437145e-13,-4.36722604753615e-13,1.61303372660335e-15,-3.10410123360276e-15,-1.61039303521584e-16,7.1097909775307e-14,7.11533488691808e-16,3.3220595641842e-13,-3.79038757896717e-13,-8.48149351816187e-15,4.63971212492427e-14,8.05639096024494e-15,-5.01053514361279e-14,2.08989095588626e-15,-6.23518229431385e-13,5.04996562878118e-13,0.000384430688677724,5.30997179905468e-05,-0.000295027965932551,8.96198199561761e-05,0.00416830681029083,8.65808174662175e-05,9.50079150017863e-05
-0.0945577170597736,4.57815209353729e-15,-4.10288122920655e-14,-2.28332977525447e-15,-2.05408606790414e-14,-3.74326221061483e-15,7.42600425596152e-14,2.63955524104631e-14,1.85739199442012e-13,-3.50749084385648e-14,1.29360564394143e-13,-6.42242104462209e-13,1.28398820210061e-14,6.88742506495081e-13,-5.41423839355709e-13,0.128731554111641,-1.99576440896348,-0.20916264926558,-1.58835408206469,-0.259173049396249,14.6322940727023,-2.38340560617386,-1.47703534346649e-14,8.96222141028784e-14,-1.08469821615524e-13,-8.33006039296122e-14,-7.7970907983459e-15,3.59181515910065e-13,-3.75925337950736e-13,8.76244301455716e-14,-5.37867917116104e-13,1.82726174076104e-13,3.27868874560352e-13,-9.07950921546119e-16,5.2711808984536e-13,-7.74389423028807e-13,-1.15434090508949e-14,7.32960377504768e-14,2.11736357952548e-14,1.85921604175555e-13,1.22947264280765e-14,2.84792480396978e-13,-5.93978533892925e-13,1.45544266310805e-14,-1.58934040109466e-13,7.08123043209458e-15,-2.41911343421572e-14,8.87482772716369e-15,-2.48867292333872e-13,2.04120222243795e-13,0.000125054840938715,0.000119925949953368,4.79985479509968e-05,0.000126810129214522,8.65808174662175e-05,0.000360246959651352,0.000111097709487842
0.0680076021847218,4.70728057228031e-15,-3.45869166640256e-14,-2.79772949599022e-15,-2.72802613832113e-14,-2.66740839485746e-15,6.22765727875674e-14,3.97390453876767e-14,-4.44358122693783e-14,-1.81138893625256e-13,-1.31746276629919e-13,3.08712809412052e-13,-5.85460083419857e-15,7.10503270801022e-13,-6.98429602184487e-13,-0.0635990465755995,-1.63735174325107,-0.137327282187785,-3.09517358842761,-0.253605622070822,-2.38340560617315,13.2144194367426,9.97924561148484e-15,-1.64648763881518e-13,-3.99409062562598e-14,8.10049472838763e-14,-8.33384816548266e-15,3.18210139228087e-13,-1.60296763655667e-13,-4.92736069604243e-14,1.77652899037645e-13,-1.28308829947438e-13,-1.63155401596829e-13,-1.06181575872802e-14,4.06299044972483e-13,2.14907437548831e-14,-3.16789644646751e-15,1.80091063047526e-14,-1.59586885671364e-14,9.54514990810472e-15,1.11610482141089e-15,9.709491240531e-14,-3.9909102498431e-14,-1.27853080587915e-14,7.40788884702188e-14,1.43321762500889e-15,-1.07512903295781e-13,-5.58822151896263e-16,-5.3334832888054e-13,5.4417920365181e-13,0.000213961519757598,0.00015449405958851,3.32335342482436e-05,0.000247989713374595,9.50079150017863e-05,0.000111097709487842,0.000470206781861854
0.0119479428384467,1.03718625349544e-14,-7.48958390423514e-14,-6.30404461576426e-15,-8.0700862455812e-14,-3.4631930959458e-15,1.42701497320152e-13,1.30226260547719e-13,3.84244932574173e-14,-3.43313144348512e-13,-1.32324981484591e-13,-2.99266713374795e-13,-3.48326559169474e-14,1.52310142779394e-12,-3.18134831831617e-13,2.04975997583534e-14,-1.27342814308552e-13,-1.05025570833183e-14,-3.92134494530952e-14,-1.91760043055329e-14,1.27155400788612e-12,-6.50966516184478e-13,1.51867110293715,-0.672020517342999,0.0230355042113751,-0.549607788705209,-0.119901289760468,0.128731554112725,-0.0635990465763294,-2.53858401194401e-14,6.69503024509814e-14,-1.10033292350728e-13,2.08321509301771e-13,-1.76761000007526e-14,9.97483539256694e-13,-1.13822295045252e-12,-1.08341481896508e-15,1.65607853940799e-14,-6.46938203908418e-15,1.47801533702836e-13,-8.86764500026754e-18,7.49032019609487e-13,-8.01115107377495e-13,-1.54627303842422e-14,9.15013395687603e-14,2.08169614760956e-14,-1.05656844423851e-13,7.21976485147971e-15,-1.43702975432007e-12,1.14139539763644e-12,0.00361051221974752,0.000394899143533703,-8.93151500154513e-05,0.000508472845138396,0.000384430688677724,0.000125054840938715,0.000213961519757598
0.0728596842040304,-6.48529081999361e-16,1.35847821707002e-15,-1.3003649806248e-16,8.10942567437689e-16,2.93965325443447e-16,2.63634600261575e-14,-1.62145687501725e-14,-8.12324064344201e-14,-1.92613261457372e-13,-8.32697036267202e-14,-6.49673624946124e-14,3.29889287621576e-14,1.07537117638402e-13,3.87430732162958e-13,-1.07760917242654e-15,1.350199264104e-14,5.13454920334045e-15,-2.04841445175635e-14,-1.41757163607134e-15,-1.3458773314302e-13,6.74073139293003e-14,-0.672020517342956,6.84054886501146,0.215050109778086,0.334062163300991,0.0599330527393681,-1.995764408964,-1.63735174325082,-4.23760940835315e-14,-4.29782969960577e-13,-4.52402922930658e-14,-1.19029123859618e-13,4.39082612834929e-15,2.87555581492019e-13,2.67303467991949e-13,-8.09223254667396e-15,6.58751282071106e-14,-6.76714624773906e-15,1.82268695816457e-14,1.82977013817534e-14,1.35465369390658e-14,-4.86701997470416e-15,6.64604996405916e-17,7.04606874912751e-14,-4.13511689211299e-15,-1.53201153045965e-13,-3.18413632420149e-15,-1.25709692937524e-13,2.09207580793189e-13,0.000394899143533703,0.000769091024942746,-8.36688361695125e-05,0.000161944587843995,5.30997179905468e-05,0.000119925949953368,0.00015449405958851
0.00638622314665632,4.71124849812173e-15,-6.14966926123714e-15,-2.34064415375132e-15,-6.53599167111741e-15,6.6547459020807e-15,1.13240715632693e-14,1.31314094797483e-14,5.48900076980348e-14,-4.49221637149843e-14,-2.263863528531e-14,-1.10284755268525e-13,-3.07228812885018e-14,1.98861486403389e-13,-6.16898428985274e-14,-5.99631916399205e-16,3.96347244657857e-15,2.26748641688687e-15,-1.29996523666024e-14,7.60970152199459e-15,1.53673040547038e-13,-6.40512890300279e-14,0.0230355042114766,0.215050109778139,1.53540168494467,0.020594216854485,0.0926446048649935,-0.209162649265483,-0.137327282187852,3.69160346200781e-15,4.21869862952035e-14,6.87088818042437e-15,3.76824014781335e-14,-7.21376448497061e-16,6.62077640276676e-14,-1.11550335707933e-13,1.37968123017812e-15,-6.61029144248686e-17,-3.19225352406668e-15,8.28865559608463e-16,-2.63284035989455e-15,7.13982298330883e-14,-5.49176423390177e-14,-7.86157491772706e-15,4.99910103816503e-14,2.25587117795147e-15,-2.06282557419028e-15,1.87527983631591e-15,-1.28347031053949e-13,8.07272666366824e-14,-8.93151500154513e-05,-8.36688361695125e-05,0.00323404062847894,6.97142228923764e-05,-0.000295027965932551,4.79985479509968e-05,3.32335342482436e-05
-0.525738160566147,1.0471851386246e-15,-9.66924023487747e-15,-5.1918376282184e-16,-8.11391156086555e-15,1.90197860174164e-16,2.0361425219495e-14,1.24283179234186e-14,-2.70556387276322e-14,-3.83103530361885e-14,-6.51727775299858e-14,-3.97182080595369e-14,-2.56738149251324e-14,1.47889682118786e-13,2.23801968532897e-13,2.71679261267409e-14,-2.49959446769304e-13,1.25442958980181e-15,-1.53183676049729e-14,9.46547499800088e-16,4.19157228728501e-13,-1.24292311943423e-13,-0.549607788705213,0.334062163300889,0.0205942168545046,5.70379054851993,0.0632083818753224,-1.58835408206461,-3.09517358842766,1.40855307643509e-14,1.89767182857531e-13,-4.58915672044173e-14,5.6462647428408e-15,-6.61323890703943e-15,5.12587235400048e-14,-1.44317493881978e-13,1.33085140369727e-15,-2.08044084160742e-14,8.68764245878044e-15,1.98805007702304e-14,-3.92639508808995e-15,1.2102439954061e-13,-1.3996780520904e-13,-6.83409076053455e-15,4.43622534069923e-14,1.23418945628576e-15,1.42309341804646e-14,-9.82390981093104e-16,-2.34555486432071e-13,1.55664897867752e-13,0.000508472845138396,0.000161944587843995,6.97142228923764e-05,0.000826103889964493,8.96198199561761e-05,0.000126810129214522,0.000247989713374595
-0.0013536996735132,-5.47692615425374e-15,4.59574962653297e-14,3.48476766038708e-15,5.00037506315069e-14,3.6683730101932e-15,-8.88842493530773e-14,-7.99612315922037e-14,3.59328977284541e-15,2.50866414671064e-13,1.1477474299321e-13,1.31536002392347e-13,2.24637325805126e-14,-9.21582837778377e-13,1.1452638193147e-13,-2.20230143032986e-14,1.42869503969282e-13,2.54114472257635e-15,1.96178182806619e-14,1.20739373811645e-14,-7.73331330805739e-13,3.9288556981553e-13,-0.119901289760447,0.0599330527394314,0.0926446048650598,0.063208381875305,1.20451113934842,-0.259173049396857,-0.253605622070393,-1.2316894956174e-14,9.90893271170154e-15,7.95300763301991e-14,-8.61577932690715e-14,2.37341575428685e-14,-6.61860773928265e-13,6.35913133969678e-13,-5.08989556775411e-15,-2.98667020706943e-15,-3.9610691030873e-15,-1.10442709798821e-13,-2.58520408307291e-15,-4.68226670467209e-13,5.61260725605392e-13,7.96286099155046e-15,-3.88825322454311e-14,-1.04551823387242e-14,8.53337842080213e-14,-4.75634682458367e-15,8.85694298395679e-13,-7.36769069208836e-13,0.000384430688677724,5.30997179905468e-05,-0.000295027965932551,8.96198199561761e-05,0.00416830681029083,8.65808174662175e-05,9.50079150017863e-05
0.516050083306714,2.38182954262478e-15,-1.7537837501691e-14,-2.25608919567077e-15,-2.19396983219822e-14,-2.16452832220437e-15,-2.18575157973078e-15,6.65509314323742e-14,4.98460569195298e-14,1.30298524104823e-13,7.36599224428728e-14,2.45736995468175e-13,2.33962495606358e-14,4.59417043524677e-13,-1.32545739148064e-12,-1.04685297465433e-14,1.38469041395246e-13,-4.62057669161259e-15,5.87101303987578e-14,-5.66343280366245e-15,-9.68517258580215e-14,-8.34184473883989e-14,0.128731554111685,-1.99576440896406,-0.209162649265614,-1.58835408206476,-0.259173049396227,14.6322940727026,-2.38340560617382,6.29014948495685e-14,-3.0344909849716e-13,9.2200409387841e-14,1.1441423700595e-13,-2.19339705793137e-15,3.51887152771381e-13,-3.57392921138643e-13,7.61780288135105e-15,3.49074152965418e-14,5.9560697167468e-15,8.90065922508798e-14,7.03032041677237e-15,1.76351947910221e-13,-4.37384761113428e-13,1.33308417857576e-14,-1.84163562306057e-13,-7.00538387268432e-16,1.64719190647676e-14,2.68123200564388e-15,-1.76391229910183e-13,1.78856449846465e-13,0.000125054840938715,0.000119925949953368,4.79985479509968e-05,0.000126810129214522,8.65808174662175e-05,0.000360246959651352,0.000111097709487842
0.0322445212358476,2.65580743161187e-15,-1.05518892234979e-14,-1.58648593394373e-15,-1.71399353043888e-14,-1.1303553037155e-15,7.11236625150491e-15,3.33309768674184e-14,6.01771331769475e-14,-5.69784471357869e-14,3.95247013180938e-14,-2.05477486980289e-13,-5.87207544153778e-15,2.17123257104123e-13,4.09360621843411e-14,-1.22053566170864e-14,2.01564104660844e-13,-4.80480498121186e-17,-6.10999254392185e-15,-1.06097134628895e-14,3.54075899459613e-14,-1.0174467605234e-13,-0.0635990465756226,-1.63735174325077,-0.137327282187813,-3.0951735884276,-0.253605622070828,-2.3834056061735,13.2144194367426,1.02401635229747e-14,-5.67919082461866e-14,5.96632725397432e-14,8.18227982520318e-14,-1.0758525743247e-14,1.38755062398677e-13,-2.18932246734849e-13,7.77994955141099e-15,-3.2323533667646e-14,-6.99079828296996e-15,1.20809065130693e-14,-1.93474014207554e-15,6.66899261508869e-14,-3.74323917131866e-14,6.70729067775622e-15,-7.64587252090165e-14,4.26270011640807e-15,-6.98131177865851e-15,7.05169590530999e-15,-1.38961934102418e-13,1.10500431911185e-13,0.000213961519757598,0.00015449405958851,3.32335342482436e-05,0.000247989713374595,9.50079150017863e-05,0.000111097709487842,0.000470206781861854
-0.0693414458826571,-4.77798410645353e-15,-1.06209800069396e-15,2.87594409482321e-15,-2.99077169280126e-15,-9.00731278571845e-15,1.62950165513709e-15,-1.95188917112565e-15,3.80672184250891e-14,-2.66047874221536e-14,-5.24618550534534e-14,-1.21090840169718e-14,-5.34515116635516e-14,4.86733564270778e-14,1.0374469951182e-13,4.86289702198107e-15,-1.23601324937896e-13,1.11651443463278e-15,8.3460575366124e-15,1.70725281693291e-14,7.14193363059471e-14,-2.60669963770362e-14,2.7474329293908e-15,-4.15579739044826e-14,2.46942822170151e-14,2.64366392854343e-14,-2.00544555444505e-14,-1.45871002917461e-14,5.61519073036585e-15,1.51867110293715,-0.672020517342842,0.0230355042114373,-0.549607788705248,-0.119901289760454,0.128731554111645,-0.0635990465755691,3.85257650422643e-15,-2.60140080604987e-14,5.65989236145288e-15,1.83316184669333e-14,-2.74593691535036e-15,-1.24161613065596e-14,-5.00434603831071e-15,-5.5162255920101e-15,2.17580767067949e-14,-2.28471256626024e-15,1.25038593011593e-14,-1.67909302999838e-15,-2.69179172849277e-14,2.26815725788211e-14,0.00361051221974752,0.000394899143533703,-8.93151500154513e-05,0.000508472845138396,0.000384430688677724,0.000125054840938715,0.000213961519757598
0.00300015827784619,-1.16350478513924e-15,5.3546305844171e-15,1.55110028553923e-15,-7.5728269141595e-15,-5.72192778726908e-16,-3.91449025971546e-14,3.05157375063425e-14,6.77509109716171e-14,4.23790055210597e-14,1.54048350330846e-13,6.18218895248878e-14,3.40119469440294e-14,-1.00000465383837e-13,-3.71762641118267e-13,-6.41806765420341e-14,7.10424942911532e-13,-7.26769936206736e-15,2.37774004637961e-14,-2.42829894007541e-14,-6.99395761845443e-13,1.69836172374455e-13,-9.15700296940373e-15,1.17144549932058e-13,-1.03891139759127e-13,-9.43279712599333e-14,9.41901837420415e-15,-7.42160972197622e-14,-5.13659621462919e-14,-0.672020517342899,6.84054886501094,0.215050109778361,0.334062163301063,0.0599330527393657,-1.99576440896384,-1.63735174325094,-1.85671936555671e-14,1.62102023800327e-13,-3.64345674195633e-15,4.05409397374136e-14,2.26051357697955e-14,-7.70383275672682e-14,-1.16619123483475e-13,3.48391044054514e-14,-2.69877421666784e-13,8.87510345624036e-15,-6.07469996590942e-14,3.96830174206162e-15,2.63971275105802e-13,-1.2476307930298e-13,0.000394899143533703,0.000769091024942746,-8.36688361695125e-05,0.000161944587843995,5.30997179905468e-05,0.000119925949953368,0.00015449405958851
-0.0762820979471219,8.39933498255241e-15,-1.74314298347251e-15,-3.61016199438213e-15,-2.51850677899373e-15,1.41404434073956e-14,-2.68773718559157e-16,8.39446242552333e-15,1.02996617233878e-13,-1.31735047904566e-14,3.48838789736026e-14,5.81714595378711e-15,-4.97084147610531e-14,1.27444948509011e-13,-2.66056533955516e-13,-1.00381809364188e-14,8.40638559745508e-14,8.63575845152184e-15,-1.68030902065401e-14,7.63214252710824e-15,5.2363666372995e-14,-3.10515089271287e-14,-1.25297963871999e-14,9.05909978057307e-14,1.31010664720096e-14,-3.72742143354705e-14,-1.97722037826272e-14,4.11176473076285e-14,-2.87837629699169e-14,0.0230355042115036,0.215050109778296,1.53540168494478,0.0205942168545611,0.0926446048650196,-0.209162649265649,-0.137327282187926,4.1505461746193e-15,9.13496361548498e-15,-3.94891828972749e-16,-3.19302668846174e-14,-2.62756094580938e-15,1.52837769499289e-14,5.28113162975971e-15,-6.30217424976387e-15,-8.65583572641017e-16,-1.68392810230402e-15,2.48624710419216e-14,2.92156533537425e-15,8.02771224713659e-15,-3.68142351150934e-14,-8.93151500154513e-05,-8.36688361695125e-05,0.00323404062847894,6.97142228923764e-05,-0.000295027965932551,4.79985479509968e-05,3.32335342482436e-05
-0.00543422991311154,-1.8976722862378e-15,7.64793501965844e-15,1.23250747715437e-15,7.40970869730906e-15,-5.88899656578552e-16,-2.80856067569335e-14,2.61184303351758e-15,8.54092787206036e-14,1.00411518932316e-13,1.57197143014597e-13,-3.34806484997586e-13,-2.29353238388428e-14,-3.17350528688599e-14,5.67254497023319e-13,-3.09987973256672e-14,4.9763526391369e-13,-6.51932100392426e-15,9.5706374894766e-14,-2.11550220741853e-14,-3.53606461941784e-13,-8.36889710770271e-14,4.86120332004603e-15,1.41874759494073e-13,-5.0159379201058e-14,-9.96970640319522e-14,-2.31999751307658e-14,-2.70751985183293e-14,-8.68312778111251e-14,-0.549607788705165,0.334062163300802,0.0205942168547556,5.70379054852018,0.0632083818753494,-1.58835408206499,-3.09517358842806,-5.44532084036262e-15,1.06237948244782e-13,2.4017351954031e-14,2.4980388207464e-14,5.88277366618495e-15,-1.05455686636455e-13,-2.06288819712278e-13,3.24558511989657e-14,-4.01739669217106e-13,5.99912376783539e-15,1.71234797570945e-13,4.28913094821062e-15,2.00177198959273e-13,-2.13544338661154e-13,0.000508472845138396,0.000161944587843995,6.97142228923764e-05,0.000826103889964493,8.96198199561761e-05,0.000126810129214522,0.000247989713374595
